537967
514570
523825
476063
529629
498013
448986
423898
532143
532155
532159
400111
532180
532188
532207
532214
532222
532224
532225
532226
532229
400201
532242
532243
400211
532255
532257
532261
532267
532271
532296
532305
400275
532327
532357
400337
400353
400357
400358
400359
400363
511318
532143
532140
532004
532018
532024
532029
532028
532033
532035
532040
532044
532069
532077
400022
400023
532100
532105
532118
532124
532127
532129
532135
532000
425907
542539
414709
446542
513701
546884
483316
521499
557652
464952
550719
512669
514440
402347
446032
400115
400117
400118
400119
400135
400136
400137
400138
400139
400175
400344
400345
400346
400347
400348
400349
400350
400351
400352
400353
400354
400355
400356
400357
400358
400359
400360
400361
400362
400363
400364
400365
400366
400367
400368
400369
400370
400371
400372
400375
400374
400375
400376
400377
400378
400379
400380
400381
555270
464952
411384
431935
403013
493414
403690
446238
536347
536348
418898
460888
446542
537308
552040
460888
481072
446542
400390
440316
533862
535617
517423
466039
446542
460888
552040
536347
451378
544612
418550
410039
418550
456933
536347
536348
418898
460888
446542
537308
552040
460888
481072
446542
